subreddit awesome awesomeness beautiful better clean clever concise cool easy exciting fast friend fun funny genius good great happy heaven helpful hope interesting joy love nice nicer perfect pleasure pretty pride relief simple simplification succinct sympathy terse thank-you sum
c_programming 61 0 14 544 63 12 19 103 223 0 77 12 109 17 3 844 211 58 1 91 84 185 5 65 206 26 44 3 498 0 0 354 0 1 0 5 274 4212
clojure 247 5 15 509 47 27 17 279 342 30 105 65 95 25 2 960 589 95 2 156 128 272 63 199 405 35 60 12 552 2 0 340 0 5 0 5 173 5863
cpp 80 1 19 586 71 13 13 119 269 9 125 36 70 31 1 823 309 51 1 54 120 241 3 137 326 29 74 1 396 2 0 257 2 2 0 10 73 4354
csharp 125 0 15 492 63 10 16 113 237 4 78 27 92 16 1 731 327 50 3 77 85 139 3 134 190 12 41 4 387 0 0 289 1 4 0 2 239 4007
golang 158 0 13 470 62 24 18 166 267 11 151 14 92 18 3 733 390 61 2 75 116 232 2 199 418 24 56 9 418 1 2 319 1 5 0 3 158 4691
haskell 108 3 23 494 41 28 16 150 245 18 95 15 86 24 5 677 360 96 0 80 120 274 7 146 365 39 46 3 383 1 1 297 5 3 0 7 134 4395
java 105 1 6 532 67 13 14 106 253 4 90 23 73 26 3 789 324 49 1 72 92 135 5 117 219 19 46 2 409 2 1 282 1 2 1 2 174 4060
javascript 175 1 24 490 48 28 15 236 222 9 99 24 99 32 4 764 380 57 1 68 95 195 5 180 305 20 48 2 458 0 0 277 2 3 0 4 143 4513
lisp 158 2 18 474 26 24 10 265 246 13 96 18 112 29 0 785 404 72 0 99 117 337 18 192 399 24 37 2 401 0 0 251 5 10 0 2 171 4817
lua 135 0 8 381 59 16 0 237 262 25 118 42 118 0 0 720 305 59 0 101 110 144 0 602 245 16 25 8 407 8 0 161 16 8 0 8 271 4615
mathematica 128 0 9 266 19 19 29 177 108 0 88 29 59 9 9 513 177 39 0 138 236 197 0 29 128 29 88 0 345 0 9 306 9 0 0 0 661 3853
matlab 69 1 14 365 22 34 2 73 169 2 79 32 75 12 2 458 193 43 0 110 123 86 0 49 158 14 52 0 320 0 0 221 2 1 2 1 399 3183
objectivec 210 0 45 466 9 9 27 91 246 0 45 36 54 45 9 1060 658 91 0 155 155 173 9 109 201 0 54 0 475 0 0 356 0 0 0 0 283 5071
perl 138 1 19 554 48 19 10 138 286 13 106 34 115 40 3 758 367 78 1 96 134 199 6 146 265 22 40 5 403 10 1 290 1 1 1 1 206 4555
php 124 0 14 569 71 14 9 112 276 6 106 26 73 29 5 887 377 72 0 62 102 151 4 152 231 20 57 4 414 1 1 324 1 4 0 3 144 4445
python 163 2 34 499 54 16 13 182 300 7 112 27 105 23 2 742 381 60 1 63 83 185 5 172 299 25 50 4 420 1 1 285 1 3 0 2 141 4463
ruby 185 1 15 518 74 23 24 205 251 9 95 35 123 18 2 882 476 83 1 99 106 186 7 227 260 24 47 4 474 1 1 275 3 4 0 9 198 4945
rust 133 3 13 510 42 12 13 131 217 16 119 10 67 17 4 600 298 84 1 70 152 226 1 126 346 45 54 2 329 0 1 223 4 2 0 4 118 3993
scala 158 2 19 584 59 8 39 214 239 14 98 16 110 42 2 945 437 87 0 98 121 324 14 172 383 39 62 11 476 2 0 285 0 5 0 8 118 5191
sql 74 0 9 423 39 6 15 42 195 3 71 30 57 13 4 614 224 57 0 89 111 71 4 76 124 4 65 2 310 2 0 218 0 1 0 0 411 3364
swift 179 0 21 413 38 38 24 165 171 2 48 19 86 8 2 633 364 48 2 54 157 203 10 116 274 27 32 10 375 0 0 187 2 8 0 5 168 3889
visualbasic 46 0 0 385 36 0 7 54 263 0 39 25 57 0 7 436 144 21 0 90 97 36 0 46 97 3 46 0 284 3 0 310 7 0 0 0 544 3083
subreddit asshole bad bloated boilerplate boring complicated crap cruelty damn difficult dirty disgusting enemy fear frustration fuck fuck-you fucking grief hate hell idiot long-winded pain sad shame shit shitty slow stupid suck sucks tedious terrible ugly verbose worse sum
c_programming 3 246 5 12 5 89 17 0 22 96 12 1 1 5 5 22 0 12 1 19 33 5 0 45 10 5 28 10 56 38 14 12 22 24 26 22 24 947
clojure 0 156 0 40 2 55 10 0 27 146 15 5 0 17 10 12 5 15 0 17 27 5 0 52 5 5 27 7 90 32 5 12 17 30 35 17 57 955
cpp 3 266 9 31 10 80 29 0 30 111 9 2 10 9 4 24 0 13 0 53 44 7 1 48 13 28 42 12 91 49 13 18 9 61 70 24 81 1304
csharp 1 215 3 10 7 57 25 0 24 70 9 0 4 9 2 25 3 15 1 46 44 6 0 36 8 9 46 13 68 28 12 19 7 28 26 12 31 919
golang 5 199 8 33 7 57 14 0 24 76 12 0 1 10 7 22 0 9 0 36 37 6 1 57 11 12 41 7 92 38 10 17 17 26 26 32 52 1002
haskell 2 186 1 27 13 81 14 0 16 113 12 1 0 9 7 5 0 5 2 26 46 4 2 57 15 14 10 3 61 21 8 14 8 28 32 22 57 922
java 3 243 11 32 10 60 37 0 29 77 14 0 2 4 7 28 1 19 0 57 54 9 0 52 11 6 51 10 77 44 21 33 10 40 30 42 46 1170
javascript 3 234 10 33 6 53 27 0 37 80 19 1 2 10 4 35 4 37 0 59 54 10 1 37 15 10 74 15 79 40 14 21 7 40 36 22 42 1171
lisp 0 176 0 2 21 56 24 0 24 104 8 2 2 2 2 24 0 8 0 45 18 0 0 29 24 26 34 13 56 50 10 8 13 34 58 18 50 941
lua 0 110 0 25 16 42 25 0 25 67 16 0 0 0 8 0 0 8 0 33 50 8 0 16 0 16 33 0 33 8 16 33 16 16 59 8 25 712
mathematica 0 108 0 0 0 98 19 0 39 98 9 0 0 0 0 0 0 0 0 19 19 0 0 59 0 9 0 19 108 49 9 19 0 0 9 19 9 718
matlab 4 127 0 1 5 57 5 0 14 72 14 0 1 6 2 17 0 16 0 12 38 13 0 22 1 4 55 4 69 37 8 9 6 37 16 0 22 694
objectivec 0 118 0 18 0 54 18 0 36 109 45 0 0 0 0 27 0 9 0 18 45 0 0 36 9 0 45 27 63 36 0 18 9 54 27 0 9 830
perl 8 251 8 17 17 50 33 0 22 71 8 3 1 15 8 26 3 13 3 22 40 13 0 34 20 12 45 17 85 55 26 33 3 50 38 12 78 1140
php 8 345 16 16 7 56 37 0 42 87 20 1 3 11 7 57 5 48 1 69 61 15 0 55 21 13 129 33 79 60 22 31 7 51 23 21 58 1515
python 3 214 6 16 9 59 19 0 35 87 17 2 3 6 5 28 2 25 1 49 52 7 1 73 16 15 54 10 78 44 17 21 6 38 43 20 46 1127
ruby 3 208 10 15 14 65 26 0 37 87 10 1 0 8 9 20 3 26 3 47 57 10 0 63 16 8 58 10 78 32 19 26 6 29 30 18 44 1096
rust 1 198 3 28 11 57 10 0 17 76 7 0 1 21 5 2 0 4 1 37 31 7 0 42 22 15 12 1 61 25 10 12 12 26 49 46 63 913
scala 0 268 2 59 5 70 19 0 22 110 8 0 2 22 8 22 0 42 0 36 104 5 0 56 22 19 25 25 110 62 16 33 5 90 33 31 56 1387
sql 3 204 2 1 3 53 31 0 27 77 24 0 1 8 1 17 2 13 3 47 33 12 4 39 6 2 53 10 60 30 10 18 11 28 30 4 28 895
swift 0 176 2 16 2 29 10 0 21 54 8 0 0 2 10 16 0 19 0 40 35 8 0 21 13 19 35 8 57 21 8 16 0 16 21 13 46 742
visualbasic 0 147 0 3 3 54 18 0 10 75 14 3 3 0 0 10 0 0 7 7 43 18 7 21 7 3 18 0 10 32 14 18 7 25 28 7 7 619
subreddit afaik afaiwafk asap flamer ftw fyi gtfo imo imho lame leet lol omg omfg stfu stfw tl-dr troll wtf yagni yolo zomg rtfm sum
c_programming 37 0 7 0 1 7 0 51 29 1 0 24 0 0 0 0 29 1 8 0 0 0 3 198
clojure 7 0 0 0 5 7 0 30 32 0 0 25 5 0 0 0 17 22 15 0 0 0 0 165
cpp 52 0 4 0 5 8 0 76 41 8 0 15 2 0 0 0 22 5 10 0 0 0 1 249
csharp 13 0 2 0 3 14 1 60 18 3 0 33 3 0 0 0 19 3 9 1 0 0 1 183
golang 12 0 7 0 4 9 0 52 47 3 0 17 2 0 0 0 21 3 4 0 0 0 0 181
haskell 19 0 2 0 1 12 0 52 24 2 0 9 2 0 0 0 16 7 6 0 0 0 0 152
java 13 0 3 0 2 8 0 43 37 2 0 37 3 0 0 0 22 10 12 1 0 1 2 196
javascript 13 0 2 0 4 15 0 53 24 5 0 47 6 0 0 0 26 7 19 1 0 0 2 224
lisp 32 0 5 0 0 16 0 69 42 5 0 34 8 0 0 0 16 0 8 0 0 0 2 237
lua 0 0 0 0 0 25 0 33 16 0 0 0 8 0 0 0 25 0 8 0 0 0 8 123
mathematica 9 0 29 0 0 9 0 19 0 0 0 19 0 0 0 0 0 0 0 0 0 0 0 85
matlab 5 0 1 0 1 21 0 13 2 0 0 30 1 0 0 0 13 2 8 0 0 0 2 99
objectivec 9 0 0 0 0 9 0 27 27 0 0 27 0 0 0 0 36 0 0 0 0 0 9 144
perl 12 0 6 0 5 10 0 41 15 5 0 22 12 0 3 0 34 26 5 0 0 0 3 199
php 9 0 5 0 3 16 1 72 31 3 0 46 4 0 0 0 25 16 16 0 1 0 3 251
python 13 0 4 0 2 12 0 41 24 5 0 31 4 0 0 0 19 11 10 0 0 0 2 178
ruby 8 0 7 0 2 14 1 76 28 6 0 34 4 0 0 0 22 12 13 1 0 1 1 230
rust 42 0 1 0 1 13 5 92 32 1 0 4 2 0 0 0 9 3 5 0 3 0 0 213
scala 8 0 5 0 0 5 2 87 11 0 0 19 0 0 2 0 22 47 5 0 0 0 2 215
sql 9 0 6 0 2 16 0 17 15 4 0 34 3 0 0 0 19 4 6 0 0 0 0 135
swift 8 0 2 0 0 0 0 40 16 2 0 40 8 2 0 0 10 0 0 0 0 0 0 128
visualbasic 7 0 0 0 0 14 0 39 10 0 0 64 7 0 0 0 10 7 10 0 0 0 0 168
subreddit analysis autism blog category cloud coffee community cost deadline debug design device distributed documentation error esoteric finance freak function functional github goto hacker homework idea idiom information intelligence language learn logic machine math model money newb newbie object optimal overhead paralell pattern performance pragmatic problem procedural progress quality reason religion robotics rofl safety school science sicp sorry speed types understand usability user web abstract concrete algorithm data book course bug feature church turing compiler interpreter desire disgust efficient effective general specific hobby work know guess library application nerd geek open closed practice theory pure impure refactoring rewrite software hardware solution workaround static dynamic syntax semantics thanks please think feel sum
c_programming 49 0 47 5 1 3 37 29 3 59 93 59 7 132 371 5 0 0 1036 31 170 40 7 51 331 10 149 1 592 412 111 140 88 29 19 1 7 148 12 31 0 37 125 5 500 7 10 22 338 0 17 0 49 59 28 7 125 86 185 412 1 251 45 22 12 93 530 329 223 63 65 0 1 715 19 7 1 61 24 186 220 10 789 884 213 400 86 7 0 167 7 125 24 54 0 10 28 109 102 156 0 193 72 162 29 715 142 1034 137 14851
clojure 37 0 269 12 17 12 151 42 2 37 136 10 35 151 199 5 2 0 685 299 904 17 5 7 282 5 95 5 695 274 156 85 55 75 20 2 22 123 5 78 0 57 219 17 494 12 15 42 294 2 0 2 27 22 32 45 115 55 229 299 2 244 327 32 30 52 579 201 209 50 108 5 5 131 32 7 0 32 17 161 176 5 834 675 141 456 241 0 0 173 27 90 27 105 12 57 45 88 15 138 7 194 151 257 20 761 115 1086 219 15328
cpp 53 0 137 17 2 0 53 91 3 72 183 15 19 102 258 5 8 1 671 58 228 13 6 6 304 32 134 1 595 212 49 76 32 81 27 0 2 364 18 91 0 60 309 3 466 5 40 65 337 0 0 0 57 26 21 0 97 84 330 305 8 171 84 40 24 92 331 153 272 130 166 0 10 677 16 12 0 99 47 177 205 16 731 808 216 718 127 0 0 187 22 106 26 83 2 22 18 165 58 203 13 204 97 192 119 418 106 1015 143 14753
csharp 31 0 100 7 14 4 39 69 5 64 174 28 7 78 180 0 5 1 187 37 146 12 1 16 252 1 144 3 350 327 127 95 44 129 66 0 4 436 3 30 0 113 164 4 351 9 19 39 223 1 0 0 16 45 18 1 105 63 164 241 4 249 288 72 21 31 495 176 152 40 99 0 0 138 4 3 0 44 15 116 173 8 757 734 142 452 294 4 0 202 16 81 18 18 0 32 27 147 19 215 9 207 67 154 9 624 101 782 156 12187
golang 37 0 202 6 26 5 149 55 1 35 122 14 29 130 297 1 0 0 398 34 1025 20 3 3 253 14 91 1 697 149 60 83 27 69 20 1 15 138 10 76 0 99 261 11 379 4 23 33 223 1 0 0 43 16 26 0 83 89 238 207 1 217 318 22 32 26 359 63 136 52 128 0 4 147 16 9 0 43 34 121 161 5 701 596 133 413 190 0 2 186 43 76 22 43 0 18 41 120 21 154 9 120 71 100 13 705 130 953 155 12941
haskell 55 0 188 140 15 3 169 60 3 25 148 9 17 144 214 3 12 1 603 221 376 10 7 6 341 15 138 4 675 199 89 83 60 117 31 2 15 81 14 43 0 167 183 5 553 4 33 38 296 0 1 0 46 39 31 8 111 53 559 345 4 188 142 77 51 67 725 119 289 91 108 11 21 248 36 12 0 75 13 270 167 5 810 719 182 478 143 3 0 130 42 79 143 193 18 24 46 106 29 205 10 87 84 182 98 510 122 1256 182 15408
java 37 0 87 12 15 6 111 52 2 43 183 12 23 108 187 2 2 1 119 69 150 6 3 30 318 1 117 2 467 357 83 73 64 77 72 1 6 342 12 27 0 93 183 6 416 7 14 37 250 1 1 0 24 79 37 0 101 58 120 281 6 231 347 66 20 35 341 177 235 79 111 0 4 125 7 8 1 39 57 147 197 14 720 760 161 255 330 2 2 211 24 100 21 46 0 34 20 194 32 133 10 248 37 122 16 479 135 849 173 12348
javascript 22 0 131 9 11 21 89 41 5 42 140 27 11 96 130 3 1 1 777 89 529 6 8 4 264 3 84 3 350 277 101 37 61 111 38 1 7 452 8 41 0 121 221 4 367 6 23 37 227 1 0 1 11 31 17 1 125 69 74 269 7 215 414 24 5 29 408 114 150 60 102 0 2 55 11 9 0 33 19 102 152 5 752 699 158 344 194 3 1 175 19 77 21 48 0 22 23 93 16 167 7 74 41 156 28 544 113 862 174 12363
lisp 50 0 139 13 2 0 187 45 2 58 96 16 2 227 227 2 8 0 621 112 466 10 24 8 348 8 125 24 755 289 40 152 45 58 48 2 18 160 5 24 0 48 120 8 364 8 13 50 211 5 8 0 42 18 37 61 115 88 120 241 8 308 251 42 18 32 404 267 190 56 101 2 5 281 93 13 0 56 10 203 187 26 688 819 192 356 107 2 0 190 24 72 26 48 2 10 26 190 58 112 0 107 125 353 112 715 150 1087 227 14324
lua 8 0 50 33 0 8 110 16 0 84 50 33 25 152 271 0 0 0 1323 42 602 42 16 8 296 0 93 8 500 288 59 33 169 8 50 0 42 186 16 33 0 42 127 0 415 8 33 33 212 0 0 0 8 25 8 8 152 76 110 322 0 245 169 8 16 42 203 203 110 50 101 0 0 186 110 0 0 42 0 127 186 0 712 788 245 508 186 0 0 144 59 84 0 59 8 16 8 118 8 127 16 84 33 229 25 805 135 746 118 13292
mathematica 118 9 9 0 39 9 29 9 0 0 29 39 9 315 256 0 9 0 1184 108 9 0 0 59 227 0 227 9 296 177 19 69 148 39 19 0 9 19 0 39 0 207 49 0 681 39 0 19 118 0 0 0 0 39 19 9 177 69 39 236 0 108 49 9 0 69 562 59 138 59 59 0 0 9 0 9 0 59 9 217 138 0 878 779 98 19 49 0 0 98 39 29 78 49 0 9 19 108 39 404 0 0 138 296 9 957 69 799 88 11841
matlab 77 0 40 5 10 0 25 37 1 21 44 6 25 239 432 0 6 0 1340 13 26 4 0 98 248 0 106 4 116 158 34 43 116 119 10 1 2 72 18 26 0 25 65 4 660 2 5 10 160 0 2 0 1 44 26 0 209 111 52 239 0 188 29 4 4 122 951 48 160 34 33 0 0 44 16 9 0 49 4 139 142 0 805 785 190 45 36 0 0 151 16 57 16 12 0 1 17 95 34 299 14 16 21 133 0 867 115 735 112 11685
objectivec 18 0 182 54 9 0 54 27 0 18 191 91 18 329 173 0 0 9 274 18 274 0 0 18 310 0 228 0 539 511 109 109 9 146 91 0 9 731 0 27 0 91 137 0 475 27 100 18 301 0 0 0 63 36 54 0 155 54 82 466 0 292 210 27 0 9 475 621 255 18 82 0 0 237 9 54 0 18 18 274 310 9 703 996 191 466 228 310 0 182 63 100 9 82 0 0 9 109 45 137 0 54 73 383 27 904 82 987 210 15903
perl 29 0 129 17 10 6 309 34 0 36 141 10 10 117 167 3 6 0 169 45 227 31 22 3 234 12 111 8 694 262 48 73 33 47 61 1 33 180 1 27 0 82 78 8 466 1 50 62 230 1 0 0 3 20 22 0 127 82 54 227 10 183 297 13 6 33 400 167 167 64 138 1 3 83 36 20 3 33 29 138 171 8 839 835 173 106 80 0 0 237 15 76 27 31 0 20 43 145 33 138 1 33 40 256 33 596 111 987 202 11919
php 22 0 160 13 20 8 167 61 5 40 172 7 8 162 193 1 1 2 456 41 415 11 9 4 299 1 136 3 396 280 150 75 16 135 82 1 9 259 9 43 0 123 168 4 407 35 28 61 269 1 0 0 8 31 14 0 120 72 113 299 5 380 298 54 27 17 449 129 162 81 128 0 0 22 18 8 0 34 13 121 217 8 812 843 171 226 310 1 1 188 19 90 23 39 0 40 50 166 19 200 9 142 47 168 12 480 142 930 196 13120
python 71 0 119 11 15 5 140 38 4 38 105 19 24 138 132 4 5 1 319 54 405 7 5 9 265 10 103 2 508 286 60 101 48 70 46 2 9 185 8 35 0 39 125 5 376 6 25 37 238 2 2 0 7 39 52 1 114 86 86 212 7 199 345 19 8 41 428 118 202 66 104 1 6 59 96 6 0 36 15 134 159 8 801 701 156 398 154 4 1 231 18 56 23 55 0 19 27 156 28 128 4 91 53 177 21 544 114 813 156 11844
ruby 24 0 204 11 16 12 157 53 4 25 185 8 10 125 157 3 0 1 115 72 668 4 12 10 300 3 91 5 510 415 105 76 27 135 66 3 14 361 7 26 0 106 135 15 395 4 29 43 204 8 0 0 10 54 39 1 124 55 55 289 3 228 303 28 7 23 282 259 181 67 94 6 3 33 49 7 0 30 15 134 201 5 740 770 173 167 222 4 0 212 10 98 21 44 0 65 41 125 10 137 4 69 44 209 16 693 112 904 228 12662
rust 53 0 95 14 2 4 147 107 4 41 190 11 10 130 303 2 0 1 519 82 741 4 2 0 344 8 122 0 964 128 54 59 28 64 14 1 17 199 17 87 0 154 248 8 432 21 34 25 312 1 1 0 214 10 8 1 108 56 578 316 10 172 90 38 37 34 406 30 229 130 211 1 8 523 14 10 0 56 9 208 161 3 748 650 238 440 80 0 1 131 33 61 38 37 4 25 28 78 40 166 18 350 118 475 129 478 127 1301 172 15441
scala 28 0 186 47 8 0 208 45 5 14 197 11 39 172 183 14 5 0 296 412 649 5 5 11 443 2 90 8 874 225 39 107 39 90 50 5 2 304 5 42 0 180 276 14 406 5 22 45 234 14 0 0 25 16 22 5 104 53 347 372 2 189 214 76 47 36 245 112 293 62 135 5 2 330 8 5 0 62 14 169 186 8 838 773 177 510 121 2 0 158 14 62 59 81 8 42 42 129 16 141 5 73 53 268 22 527 110 1083 183 14702
sql 43 0 67 38 8 5 26 61 1 12 145 9 4 62 278 1 15 1 282 25 13 4 0 41 256 0 197 11 150 275 122 60 25 74 45 0 12 68 17 33 0 25 276 1 386 18 10 19 190 0 0 0 3 35 15 0 157 39 91 273 4 256 90 4 1 4 1304 134 185 18 34 0 2 3 3 4 0 72 17 78 192 2 889 757 205 115 173 3 2 112 16 116 55 9 0 5 24 99 37 267 15 40 75 266 5 816 119 778 129 11558
swift 8 0 160 10 10 0 59 32 0 19 154 59 5 269 190 2 2 0 342 97 233 2 5 8 236 5 81 0 1068 508 19 57 16 70 51 2 19 296 5 19 0 103 135 5 258 8 19 35 222 0 0 0 46 29 43 2 135 57 364 187 5 130 78 2 16 29 293 258 214 111 67 0 2 252 5 5 0 29 5 122 125 10 660 606 214 337 86 29 0 125 10 46 19 59 0 24 32 95 16 108 16 76 73 296 57 668 103 916 171 12366
visualbasic 3 0 14 10 0 0 18 14 0 82 43 7 3 68 414 0 0 0 699 32 25 39 0 86 237 0 277 0 176 216 72 79 158 7 18 3 3 800 0 14 0 10 43 3 447 7 3 7 209 0 0 0 3 104 14 0 277 54 90 331 0 378 136 0 0 10 598 126 144 7 32 0 0 39 0 10 0 39 3 46 191 10 890 720 111 443 320 0 0 281 18 43 18 0 0 0 28 75 10 234 3 14 21 180 0 987 129 652 79 12244
